148
0 194
16 184
31 172
47 159
61 148
71 139
79 129
86 121
105 107
108 104
124 93
143 80
167 70
186 62
203 55
217 47
230 44
242 41
251 42
258 53
263 65
259 80
252 91
243 110
230 122
220 133
212 141
194 155
180 165
176 167
163 176
147 186
129 203
118 207
98 226
79 245
67 254
54 267
43 277
32 288
23 304
19 323
19 336
20 342
34 352
55 355
67 355
77 354
97 341
110 331
124 323
137 313
154 307
166 299
186 283
204 268
228 244
237 233
246 226
257 216
270 193
281 178
287 170
295 160
309 146
318 136
324 132
334 126
351 118
365 110
384 99
397 90
414 83
431 76
449 76
465 73
476 74
484 79
490 89
498 102
502 127
502 147
494 171
480 192
470 205
452 219
447 228
437 240
416 256
401 269
384 286
383 287
365 300
344 316
323 332
300 355
289 359
268 367
244 375
237 378
213 393
198 401
186 410
172 420
156 425
140 432
132 438
120 453
112 461
103 476
102 486
105 499
115 517
136 528
157 531
173 531
197 527
225 515
244 496
260 485
284 464
298 450
315 438
343 422
363 405
385 393
400 381
430 365
467 346
497 332
514 326
524 324
531 322
543 324
550 329
555 340
557 367
553 395
538 428
512 465
499 491
477 525
468 541
458 555
450 569
447 575
445 593
444 596